time,x,y,z,phi,theta,psi,x_velocity,y_velocity,z_velocity,phi_velocity,theta_velocity,psi_velocity,rotor_speed1,rotor_speed2,rotor_speed3,rotor_speed4
0.06,-7.742366837288277e-07,2.0452760242640423e-09,10.007468259025767,2.1900928528495456e-06,0.000515216959009912,0.0,-6.268213885907784e-05,2.041563376758767e-07,0.248920275920519,0.00010941200706741355,0.021800729334048738,0.0,480.6131542098283,482.26226878893397,482.2406881269176,482.24895029297886
0.12000000000000001,-1.8635850189532945e-05,1.5204728991315965e-07,10.02314413098512,6.2827581787707985,0.0020129821640466616,0.0,-0.000660753920151433,-8.206449032377732e-06,0.27360282939892944,-0.02851076842899685,0.030635565270919457,0.0,412.44603012557013,413.2255954793143,413.1968389123361,410.6664536926495
0.18,-0.00010461516699634282,-1.450543542924142e-05,10.041253427217933,6.281287934490065,0.0044946516645687495,0.0,-0.002417123982686245,-0.0006313763490995535,0.3300245667480892,-0.017501654174909453,0.05701067449993192,0.0,421.7265927640671,423.99917778629066,422.53882330695416,423.4865476051246
0.23999999999999996,-0.0003564087278228128,-9.574606649339273e-05,10.064221625932937,6.280442026660049,0.007880525575470365,0.0,-0.00632579169578395,-0.002173281088744988,0.43554492396523015,-0.008038564331769249,0.05524690692534265,0.0,438.9085721701698,438.7644069689847,438.3389039379792,439.12457019265537
0.3,-0.0009170569073195137,-0.0002866495243651456,10.094023794182075,6.279733625765253,0.01088206264671232,0.0,-0.012697623534288027,-0.004251303230744975,0.5578051541065441,-0.020673018209845326,0.036730007467851475,0.0,444.75983043820946,443.24242841317135,444.78671220253386,443.75105118411966
0.36000000000000004,-0.001905211660744039,-0.000615530499659952,10.129864886845988,6.278390760321482,0.013233612737087341,0.0,-0.020466096037707007,-0.006838745523946892,0.6368535375681603,-0.0260365734505895,0.04371025627870429,0.0,430.0650927703766,430.65664882403047,430.9767134960567,430.52315826160464
0.4200000000000001,-0.0034144741526806917,-0.0011299578915192252,10.17092316098652,6.276366661124342,0.015789233284488446,0.0,-0.03010414502879599,-0.010481852712367429,0.7316944324866614,-0.05724151068400268,0.04026209614395994,0.0,436.58604029615856,436.2993172335123,436.30080325508686,433.68733299947195
0.48000000000000015,-0.005603093064893842,-0.0019344782337424539,10.22071305732015,6.272629631710156,0.018207998901384137,0.0,-0.04312860071505138,-0.016748157450653105,0.9278217195428718,-0.07498714749724417,0.040413870217256086,0.0,467.6611805353021,467.6737521450905,467.0574605121628,465.6688568020408
0.5400000000000001,-0.008584666999207376,-0.0031791879722814533,10.279772927782316,6.267904524601931,0.021383384247080528,0.0,-0.05655427570538391,-0.02521888659536197,1.040732310375221,-0.08760201768398537,0.07042753768013107,0.0,441.4338263472704,443.9050035550885,441.689677105059,440.6431177503886
0.6000000000000002,-0.012471052839672477,-0.005053578523144917,10.34678495828947,6.262240976790103,0.025858066420545,0.0,-0.07346728493543085,-0.03785105498014481,1.1928335542876916,-0.1135868865005092,0.08179743906855917,0.0,454.1222082734331,455.03738305763125,455.1050486841453,453.01291699070066
0.6600000000000003,-0.01742412463025954,-0.007776175043442722,10.421040409449025,6.255708647232346,0.030295423709348235,0.0,-0.09211069254990553,-0.053568583169607616,1.282221892674677,-0.10081053069794546,0.0496983352220098,0.0,436.4500225623335,433.7670924806656,434.55788208047863,435.61660058066985
0.7200000000000003,-0.023704525035982756,-0.011687964472049181,10.504707489965663,6.2492522922140346,0.03374542061188279,0.0,-0.11761924409965813,-0.07756216677407243,1.5063760558500021,-0.12681802711171805,0.0697478852399411,0.0,476.34502229744027,477.8775756348953,476.8821112785863,474.8817906026292
0.7800000000000004,-0.03148566333499557,-0.01708244573509827,10.598379863537788,6.24148741023302,0.03762725724646643,0.0,-0.14216721845942637,-0.10304226019863079,1.615840866603381,-0.13518557437505485,0.05196706764750648,0.0,443.9805527924244,442.5224477973262,441.9530978499967,441.2474254103787
0.8400000000000004,-0.04078024893615904,-0.024126625271460384,10.697623435711407,6.2340244066009305,0.04147133273866377,0.0,-0.1679986630964905,-0.13251948471482772,1.6921165044192596,-0.10866051952244073,0.08115919436048732,0.0,431.59367456180456,434.05323251333607,430.64559637787784,432.86819334680973
0.9000000000000005,-0.051642214619851246,-0.03300602862089448,10.799904941586984,6.227589213277117,0.04631438222280604,0.0,-0.1945077816564829,-0.1640466020656507,1.7171747762750742,-0.10457976214750592,0.07981969754775853,0.0,415.4227803576662,415.31107194948737,416.112306163777,416.458398478659
0.9600000000000005,-0.06437609335566742,-0.04412529179016876,10.907743395318132,6.221522083565532,0.05101204905253809,0.0,-0.23047049929280533,-0.2072633149814664,1.877117877546707,-0.09497147499849547,0.07505681936500094,0.0,459.8670496042634,459.4943098636118,458.03030053557603,458.78519366148487
1.0200000000000005,-0.07939508891647039,-0.05799731193651493,11.025596351265904,6.21663019812172,0.05567494825341335,0.0,-0.2706669451952214,-0.2557056930905785,2.050941947296892,-0.06311972369271328,0.08255928154267761,0.0,463.6539498235368,464.24747029229053,462.6494102417061,465.1447749655017
1.0800000000000005,-0.0968377566987991,-0.07476557463325756,11.152153742793956,6.21270804941031,0.06014821821405647,0.0,-0.31124679566931973,-0.3036227816953094,2.1673543546007843,-0.07029463344452055,0.04938695345660793,0.0,447.9926538995426,445.2913480861431,447.8507160804795,447.2636333267973
1.1400000000000006,-0.11683823554962616,-0.09453528724323318,11.286272344624239,6.208056298740868,0.06315219655712845,0.0,-0.35574179654066856,-0.3558166613464148,2.3029321887669654,-0.09871983406595934,0.05139106899480949,0.0,453.55486276191584,453.71730643472273,454.81019999406453,452.52288906381995
1.2000000000000006,-0.1392700656709355,-0.11718084774403632,11.423747187435415,6.202005016535756,0.06655462944033896,0.0,-0.3922643119628543,-0.39953984676898174,2.2795378598090497,-0.10550433889249707,0.06564293877075938,0.0,401.64848113179204,402.94144963101655,402.8958714400259,402.27202128412733
1.2600000000000007,-0.16416943405678894,-0.14281619995594944,11.562986254229946,6.1957594701255925,0.07082420483076657,0.0,-0.43811564990756635,-0.45558135924051135,2.361495548267616,-0.10141058566017602,0.08037821082894953,0.0,438.2864583709514,439.51327717684995,436.21632105698603,436.5483602493424
1.3200000000000007,-0.19215810609365494,-0.1722447449062832,11.71057214424211,6.18985076447002,0.07549297795049359,0.0,-0.49536509627008635,-0.5260263332541596,2.5574803437792943,-0.09318257471780761,0.07211674991152431,0.0,472.88616168137384,472.25377384872684,473.76384745339124,474.38834137398015
1.3800000000000008,-0.2234422780983777,-0.20573107044372796,11.866661053608997,6.184216825651605,0.0795991437815573,0.0,-0.547852474961493,-0.5907263605724522,2.6451643442536046,-0.09537059991639181,0.059818648362329474,0.0,441.6308250196503,440.61882842022203,441.4608643356534,441.27274547515844
1.4400000000000008,-0.25782938919067616,-0.24305505510395115,12.026408205399461,6.178929201705131,0.0829764737785803,0.0,-0.5987046630661755,-0.6539036377546978,2.679548893695066,-0.07658854076357066,0.04808509889322065,0.0,425.3363207315514,424.33253434257006,423.6569395121544,425.26174180844544
1.5000000000000009,-0.29549199325480846,-0.2844684490339737,12.19012386816591,6.173943209970972,0.08629546411663291,0.0,-0.6570185418291669,-0.7270002715649033,2.7772858290200086,-0.10113115327873565,0.06684243981952477,0.0,445.12782406913726,446.662156420531,446.18940075009965,444.17529360873203
1.560000000000001,-0.3366422868968828,-0.33026928515120074,12.358714577635217,6.167769472917357,0.09058702013125686,0.0,-0.7150518074491893,-0.8002676109206187,2.842094413335261,-0.10667787194228234,0.07954392938458303,0.0,435.45494572284406,436.52015917344585,435.8948811590932,435.4216455091284
1.620000000000001,-0.38159976103647786,-0.38088944940085334,12.533735127398154,6.161016456409076,0.09504410228279969,0.0,-0.7840077385813514,-0.8877372749320436,2.9913461854085135,-0.12810959726881546,0.06086598622948902,0.0,464.3997611169522,462.9363388021315,463.1807114127917,461.4810873607943
1.680000000000001,-0.4304054659224346,-0.4364182811123994,12.713696220233368,6.153069534747225,0.09886822554991515,0.0,-0.8431859870269123,-0.9639156127227437,3.007134091727583,-0.1429517844439569,0.06892975479552374,0.0,421.2133145742447,421.91330279538795,422.4111846394525,421.11189581616475
1.740000000000001,-0.4832534924502415,-0.4972139655431158,12.898720296600862,6.1450300767326205,0.10355056376973959,0.0,-0.9188670226217031,-1.063453219766254,3.15966279486652,-0.12034498757082002,0.09186491203749214,0.0,464.4369099989391,466.2366998464432,465.3177649291131,467.0681755599437
1.8000000000000012,-0.5405454551597695,-0.5638802849034156,13.090890047643523,6.137719464740243,0.10884044242884272,0.0,-0.9913859599246718,-1.1594426991994466,3.245500152397761,-0.12501962833908278,0.07949458626649188,0.0,447.11062551925596,446.1079895814423,446.54349557893426,446.14860958312676
1.8600000000000012,-0.6025154944933657,-0.636747722874436,13.290146717200116,6.130247659740679,0.11325659393916077,0.0,-1.0747448299648559,-1.2702173616855166,3.3956553177608897,-0.1235694986724068,0.05796279309018061,0.0,468.5305600394057,466.85727497165175,467.2858051385088,467.3855846654762
1.9200000000000013,-0.6696322962579053,-0.7164946939879608,13.498799005135659,6.122760065576358,0.1167046809296517,0.0,-1.162813815787155,-1.3887582760768726,3.55861427399319,-0.12735773422254387,0.05646036904058973,0.0,472.7547006030258,472.64097608284743,473.24899652357215,472.94417520338504
1.9800000000000013,-0.741498504574177,-0.8026830693757865,13.712025211758233,6.114858406129478,0.12081481318531662,0.0,-1.233064778076957,-1.4848546008589163,3.5486942288570598,-0.14219002470999986,0.08553278954489751,0.0,418.2461373003989,420.7743522951765,420.01092232247623,418.7051799168793
2.0400000000000014,-0.8179853483127174,-0.8952293660955948,13.927240863868615,6.106146415148627,0.1261035839087068,0.0,-1.3169849642489635,-1.6008153402979053,3.6245554056384104,-0.15201623083903595,0.09291536766912263,0.0,448.17769409056336,448.78372299606383,448.4244209548992,447.6058125357968
2.1000000000000014,-0.9000925997176702,-0.9955696651557819,14.15060741999845,6.097342003483979,0.13137273024151064,0.0,-1.4204735813697884,-1.7447581298324277,3.8198737844429065,-0.13786774651149908,0.07494294785482382,0.0,487.1179582394852,485.7776084208525,485.3410286929126,486.38352398995266
2.1600000000000015,-0.9878790721228742,-1.103834820577864,14.380796416027302,6.089443481117279,0.1359826118837555,0.0,-1.5061509289331123,-1.8647890176100899,3.8526015579460244,-0.1214490058299626,0.08036138461206052,0.0,438.01149891868954,438.46668127432065,437.0557202841282,438.40574128270276
2.2200000000000015,-1.0799359898678231,-1.218095180222613,14.606048305490342,6.082159919329136,0.14059155267845647,0.0,-1.5627945988193468,-1.9444538555271735,3.6562202114474074,-0.12128042693302317,0.06857044097819602,0.0,357.17829883709896,355.97979412199805,355.71986799486984,355.71979197082504
2.2800000000000016,-1.1763338815970534,-1.3384752207350052,14.825572539355592,6.074974580455461,0.14501813162731825,0.0,-1.650850504605397,-2.068840648317299,3.6608598086282256,-0.11687099112408711,0.08255345009865753,0.0,428.13119026608746,429.3237653291351,429.03316606453365,429.39393281973946
2.3400000000000016,-1.2785678229195867,-1.4671090678694756,15.048425041350479,6.068176606082064,0.14985938832686507,0.0,-1.7574011469949489,-2.219569949836941,3.7667234539267604,-0.10697832771975029,0.07666991232971052,0.0,462.98878704490613,462.5305738908116,462.18749712204124,462.95565580697513
2.4000000000000017,-1.3867588551370975,-1.6041650591595191,15.274082996974567,6.061781250580115,0.15472494211994992,0.0,-1.8493861480859215,-2.3495151540979933,3.754840805149342,-0.10582290755740628,0.08872230618378762,0.0,425.5729642477068,426.60901419558166,426.09870646496034,426.1869875242266
2.4600000000000017,-1.5009351843625622,-1.7496570427364324,15.50128936671577,6.0561739622055075,0.15945706980800267,0.0,-1.9569676540416465,-2.500723981715656,3.817998746564536,-0.0760971837740176,0.03613921591753885,0.0,453.830007494404,449.5932188278338,450.65006303476224,453.0389833448335
2.520000000000002,-1.6207886661153257,-1.9031209928770785,15.727003381879848,6.051610448488955,0.1617252465005441,0.0,-2.0383884403698453,-2.6151816604386706,3.705899303307845,-0.07598147545351308,0.040937720425654446,0.0,393.57413522018237,394.01894969411893,392.08945066694804,392.094794377856
2.580000000000002,-1.7468019179582703,-2.0652657606306892,15.953292356501205,6.046775282297524,0.1639482772710954,0.0,-2.162229443857439,-2.7900328083398502,3.8361271031630153,-0.09190049544920241,0.02785088287660214,0.0,474.00960568008355,473.00327848133105,475.46325269957197,474.23706250329366
2.640000000000002,-1.8801684051015737,-2.2378354346821587,16.18657575766785,6.041256185666496,0.16518224107499702,0.0,-2.2834145719544954,-2.9627666222748994,3.9391096742427454,-0.0921542552439117,-0.000882246734108626,0.0,469.3621260165713,467.12659528802084,467.2349405491081,467.20848383845504
2.700000000000002,-2.0215380250268837,-2.4219129072383128,16.43008656119129,6.035939452811331,0.164747100759425,0.0,-2.4287176056271287,-3.173581624181518,4.176425593259935,-0.08233596962773582,-0.02473366134259323,0.0,510.73200158984207,509.0279420971043,509.1343920632189,509.83096149610554
2.760000000000002,-2.1709998115203892,-2.6178703298797203,16.684175127567936,6.030886908776548,0.1629826256782465,0.0,-2.5530987343211495,-3.3587561728706907,4.292244330914647,-0.08824351508676638,-0.040944523126788715,0.0,476.921341003693,475.6811532651087,477.05581617490384,476.59916446232535
2.820000000000002,-2.327295649654138,-2.8241514078594365,16.941638743784903,6.02526542309468,0.1603232953317706,0.0,-2.656561634243506,-3.517795583754047,4.28947236205433,-0.10774753262355871,-0.052115034858558416,0.0,441.47567907611466,440.5516969794426,441.1599932174505,439.5385581811262
2.880000000000002,-2.49042473712421,-3.0411515048899673,17.202870089853747,6.018852611074955,0.15734851229633495,0.0,-2.780666377251291,-3.7161040023505927,4.417141307798227,-0.10520102522932041,-0.044939765580327314,0.0,482.43386617097946,482.9740827251222,483.3299380103607,483.5128349309442
2.940000000000002,-2.6598566054225077,-3.268395793827302,17.465040419173118,6.012226773999913,0.15409485402309908,0.0,-2.8669543160632216,-3.859343701598488,4.32186083797421,-0.12374396122733115,-0.08887986366033028,0.0,414.32777419446614,410.44268728842206,412.9364362808362,411.28498210277957
3.000000000000002,-2.835365424454087,-3.505999903862135,17.72732819339247,6.005100629954221,0.14896557155681922,0.0,-2.9827537892747498,-4.0614539484584045,4.420071110716812,-0.11032785025046309,-0.0794496566289682,0.0,476.7756511742712,477.4902088504809,475.1815774373803,476.19731070530884
3.0600000000000023,-3.0175268980521515,-3.7555232767861755,17.994138341282884,5.99872232197122,0.14380373119189915,0.0,-3.088814226815002,-4.256595028907559,4.472823866928784,-0.09928263108331727,-0.10434695169987818,0.0,465.23943628810343,463.27952464930314,463.8071514646387,464.6645306556698
3.1200000000000023,-3.2054948295512835,-4.015990467242141,18.26094919035535,5.992406688909265,0.13749243743727213,0.0,-3.176361749997785,-4.4262870487284465,4.420669751893712,-0.12121092576648819,-0.1069247035110697,0.0,431.30455675888953,431.07670072943114,432.36431064632745,430.50209754783936
3.1800000000000024,-3.399113926478874,-4.287793796986778,18.5279689345221,5.984719590717457,0.1308349981157706,0.0,-3.2769729424255467,-4.6345200328117055,4.479122465936233,-0.14781024273488724,-0.12056485497195148,0.0,469.5635223463196,468.4936658305967,468.39825485680353,466.31000905654133
3.2400000000000024,-3.5981828430931526,-4.571212569310207,18.79498947589569,5.976107819204449,0.12362012904383146,0.0,-3.358169638874188,-4.813619438959927,4.421260509879449,-0.13611684295172902,-0.11962177189250611,0.0,431.351293117992,431.4174304770904,431.9096894954918,432.87503453447437
3.3000000000000025,-3.8021907065493186,-4.865955041916954,19.059759647311175,5.9677891541360495,0.11632390688849892,0.0,-3.4415312776134765,-5.0119347256231395,4.403873459494847,-0.14424375907625483,-0.1258909418874232,0.0,446.5777535032596,446.0526536841231,446.5341954396653,445.85278475494283
3.3600000000000025,-4.011159629791561,-5.172962448375239,19.323986797959833,5.9597188626371995,0.10923712217381532,0.0,-3.523504455909695,-5.2224535593443004,4.403027536937411,-0.11995953952023605,-0.10590042902801756,0.0,451.87957246980466,453.4759939380992,452.2586897961999,454.1940830823797
3.4200000000000026,-4.225012862306878,-5.4929881675990755,19.588715951767583,5.953025922207585,0.10316712671519657,0.0,-3.6044078125246166,-5.445756432728963,4.4205022737416675,-0.09855786026842628,-0.09307632003615178,0.0,460.5338780687209,461.5387804759111,458.8811927894307,460.5664470738358
3.4800000000000026,-4.443256934765696,-5.825396845627107,19.851003253336444,5.947906101975388,0.09753355868048619,0.0,-3.6700917159747677,-5.635232942184095,4.3223145304469455,-0.06712393827807571,-0.09557661298950054,0.0,422.911902774752,422.68847141551595,421.88220962840467,424.5813797460128
3.5400000000000027,-4.6659909631640195,-6.171386787940223,20.113331715959987,5.94336593739048,0.09120322708695472,0.0,-3.753773607007089,-5.898155048566683,4.42079552422285,-0.10420159009924221,-0.15013802730270762,0.0,490.4743465167307,486.3939885306375,488.3441524359357,485.5654584149557
3.6000000000000028,-4.892923592915814,-6.530724847752474,20.374218417600233,5.9367739608765895,0.0827816063749669,0.0,-3.810218125581542,-6.08063741487628,4.275589943099516,-0.12467705589188798,-0.12577174296484686,0.0,407.94724378205404,410.09709828591514,410.02588214976504,408.19014709019825
3.660000000000003,-5.12317561776917,-6.9012505377971385,20.626584022722472,5.9287979485277305,0.07530702213229556,0.0,-3.8644699323511826,-6.271136214875602,4.136598443795865,-0.1595611436822778,-0.12228916844024762,0.0,411.1804211707608,411.4734412927396,412.4207229606576,409.3081754876262
3.720000000000003,-5.357075032116438,-7.285603665869808,20.87652386997347,5.919475434426957,0.06854004770144062,0.0,-3.931516672039593,-6.541518598747899,4.193404830339418,-0.14810665278117296,-0.09850073981513695,0.0,476.85061796899885,478.6540590311564,476.7992982861088,477.65267312758067
3.780000000000003,-5.594523643311935,-7.68450392069317,21.1247654375359,5.910603513463371,0.06291051210895393,0.0,-3.9831179789852733,-6.756124451841409,4.080958970980542,-0.1473876395030764,-0.08582136035759111,0.0,423.58795604375047,424.6692068169123,423.60826994249584,423.64842839985323
3.840000000000003,-5.834964128703152,-8.096224230912132,21.365541718819152,5.902164794271073,0.05751830617171727,0.0,-4.031304055712653,-6.968871625416619,3.9446561955140274,-0.12976302007644497,-0.09952622581452962,0.0,416.73690090776813,415.52944229592623,415.5206596889051,417.043164643849
3.900000000000003,-6.078264023825056,-8.521071081627708,21.598495925003686,5.894620695678656,0.05161692861802081,0.0,-4.078369754139945,-7.193642093029001,3.8201664773829567,-0.11870543211453766,-0.09611517590030356,0.0,421.3877420321456,421.6737012533827,420.17681172975307,421.11914531726495
3.960000000000003,-6.324350106292212,-8.959795569577013,21.824401082281224,5.887459378917956,0.04614558100998334,0.0,-4.124177861664268,-7.4314323163746385,3.7095716375826497,-0.12068639014346501,-0.08281712101129034,0.0,425.87563474328454,427.0043812425143,427.3669453222332,427.18456735573017
4.020000000000002,-6.5733373881274275,-9.414806862350321,22.047945299269067,5.880538802563386,0.04104716659840424,0.0,-4.174958523535933,-7.736351214915928,3.74053594094252,-0.10637238653021606,-0.08967542879180715,0.0,475.6262090220289,475.0951134930946,475.59078330396716,476.6750655102483
4.080000000000001,-6.8251175790195715,-9.88665877362108,22.269324771178457,5.874091266029065,0.0360436085110889,0.0,-4.217407621052383,-7.992953324846436,3.6382164082814534,-0.10972371329948492,-0.0731186902558127,0.0,433.3806379274439,434.7644159762983,434.04341674783456,433.751534959965
4.14,-7.079504667503896,-10.375414507210573,22.487486459148176,5.867783540480428,0.032170188985999104,0.0,-4.26184201835432,-8.29966290754228,3.6325801319623463,-0.09724378059013199,-0.05137910916799457,0.0,467.3992140585203,469.0878151723906,467.7293813005234,468.6914086024571
4.199999999999998,-7.336533541724263,-10.8831354458817,22.705986628876968,5.861357507349426,0.02945277169616123,0.0,-4.305556555008312,-8.625048039055455,3.6492832862443203,-0.14979740886222237,-0.035276714006108316,0.0,477.7155469204123,478.94099898840204,480.1851899222693,476.16987643351814
4.259999999999997,-7.596023525119216,-11.40882222675473,22.92137769711997,5.852439662459492,0.027010306079150226,0.0,-4.3440068630578,-8.898890582351182,3.529515539779568,-0.1463966030696897,-0.05471492025210307,0.0,435.69294011401024,434.0632697598192,436.71127734644466,436.97376959483626
4.319999999999996,-7.8578323269712875,-11.951753232556285,23.130699471363357,5.843585718516085,0.024018825518756337,0.0,-4.382763703475449,-9.199816248207856,3.446669057637676,-0.15000984326822142,-0.04158410775368156,0.0,450.36603020058556,451.4255503203548,451.07035973810116,450.7583038981235
4.379999999999995,-8.121944895865793,-12.513165181510564,23.3352665628183,5.834313890045117,0.021986331731354447,0.0,-4.420859756649387,-9.514915919117513,3.3708298002077344,-0.16557811558402602,-0.021740683142558573,0.0,455.9145088261204,457.4971286612444,456.33561615142145,455.06868274765856
4.439999999999993,-8.388307320629263,-13.0933686923214,23.534327764728864,5.824150823160831,0.020291285118496205,0.0,-4.4578284016470295,-9.826277801105228,3.2631573922455464,-0.1783428369985334,-0.0462906386677676,0.0,449.9105452932619,447.91757029399537,448.9066032823149,447.84189665206605
4.499999999999992,-8.656850098092121,-13.692055511295724,23.725795798092037,5.813443266063068,0.01787343353043802,0.0,-4.493476688963263,-10.131127043396214,3.1178571859768116,-0.17869285198553878,-0.030414598808212342,0.0,437.82454712525885,439.14291309014783,438.96132763973014,438.90109871474993
4.559999999999991,-8.927508395577679,-14.30918966264148,23.908123778473545,5.802714751704929,0.01585751817222647,0.0,-4.528393780924204,-10.441209581480722,2.958445961444607,-0.17904067365484239,-0.04087734574449916,0.0,436.86663963045686,435.992593395249,437.1438057254156,437.08336071382865
4.6199999999999894,-9.200272527391306,-14.94602081277768,24.082238611243213,5.791849569996177,0.013473070917549457,0.0,-4.563613597309274,-10.787623084903592,2.8436278743915584,-0.1855211328390748,-0.03755995453632468,0.0,456.5243876952259,456.7883329890784,455.29954669110236,454.74968502787476
4.679999999999988,-9.475057495272786,-15.601427169122465,24.24456543717641,5.781026354765132,0.011327680692192033,0.0,-4.595845153889229,-11.060705580475846,2.56657333390957,-0.17171984789480577,-0.03237448348012869,0.0,398.94136044497094,399.41400479982497,399.62256533378115,400.8435126607587
4.739999999999987,-9.751823742440104,-16.275905941537843,24.39446120761842,5.770682772785921,0.009719159654651754,0.0,-4.629621375261634,-11.423080765450814,2.428105090822013,-0.1737725407607486,-0.01751789107756102,0.0,453.02024905836566,454.2134591505066,454.08112333665053,453.8885075169364
4.799999999999986,-10.030559163489212,-16.969954388102447,24.53140517048012,5.760298929043325,0.008762778060458665,0.0,-4.661574179930632,-11.713374120194711,2.1358336201027877,-0.17168543401339442,-0.012956828768210069,0.0,400.3215020710972,400.73653393333933,400.109013867839,400.26664544074504
4.859999999999984,-10.311274689545986,-17.685159647938953,24.65655875690348,5.7499733610638035,0.008037042818638263,0.0,-4.695597923234795,-12.127858490771466,2.0334637815844716,-0.1729190299524082,-0.01042647842631579,0.0,473.5025434133388,473.6973540786568,473.35577393122315,473.2343451745614
4.919999999999983,-10.594012627286233,-18.424302936962263,24.773126323497863,5.739127850643877,0.007740777305731861,0.0,-4.729023293864775,-12.511496367198687,1.8500400528973473,-0.20495932812186227,0.004246080466481207,0.0,449.2801147342818,450.4686384279668,452.9524865102374,450.33531708899307
4.979999999999982,-10.878738890108021,-19.184999370364444,24.87541954628457,5.726652921834418,0.007982754159478134,0.0,-4.761922102098753,-12.846543104637654,1.5581286616707966,-0.21458921451374063,0.003603215518489471,0.0,414.95439382589666,414.897858984512,415.80082225181246,414.9099875784847
5.0399999999999805,-11.165435851210152,-19.96496171025551,24.95803685625097,5.7135440971196445,0.00803351197045199,0.0,-4.7947109156851715,-13.153871435695523,1.194503529454557,-0.22767305799059376,-0.0053346749176698665,0.0,390.79379772721467,389.9594244010585,390.7155312328035,389.43842806621
